function [cikan] = fn_silver_n_2(lamda)
lamda=lamda*10^6;
data=[2.700E-01	1.364E+00
2.800E-01	1.477E+00
2.900E-01	1.531E+00
3.000E-01	1.609E+00
3.100E-01	1.373E+00
3.200E-01	8.191E-01
3.300E-01	2.207E-01
3.400E-01	1.109E-01
3.500E-01	8.443E-02
3.600E-01	7.339E-02
3.699E-01	6.727E-02
3.799E-01	6.325E-02
3.899E-01	6.035E-02
3.999E-01	5.817E-02
4.099E-01	5.647E-02
4.199E-01	5.515E-02
4.299E-01	5.411E-02
4.399E-01	5.332E-02
4.499E-01	5.271E-02
4.599E-01	5.227E-02
4.699E-01	5.198E-02
4.799E-01	5.181E-02
4.899E-01	5.175E-02
4.999E-01	5.180E-02
5.099E-01	5.193E-02
5.199E-01	5.215E-02
5.299E-01	5.245E-02
5.399E-01	5.282E-02
5.499E-01	5.326E-02
5.599E-01	5.376E-02
5.699E-01	5.431E-02
5.799E-01	5.493E-02
5.899E-01	5.560E-02
5.999E-01	5.632E-02
6.099E-01	5.709E-02
6.199E-01	5.790E-02
6.299E-01	5.876E-02
6.399E-01	5.966E-02
6.499E-01	6.061E-02
6.599E-01	6.159E-02
6.699E-01	6.262E-02
6.799E-01	6.368E-02
6.899E-01	6.478E-02
6.999E-01	6.591E-02
7.099E-01	6.708E-02
7.199E-01	6.829E-02
7.299E-01	6.953E-02
7.399E-01	7.080E-02
7.499E-01	7.210E-02
7.599E-01	7.344E-02
7.699E-01	7.480E-02
7.799E-01	7.620E-02
7.899E-01	7.762E-02
7.999E-01	7.908E-02
8.099E-01	8.057E-02
8.199E-01	8.208E-02
8.299E-01	8.362E-02
8.399E-01	8.519E-02
8.499E-01	8.679E-02
8.599E-01	8.841E-02
8.699E-01	9.007E-02
8.799E-01	9.174E-02
8.899E-01	9.345E-02
8.999E-01	9.518E-02
9.099E-01	9.694E-02
9.199E-01	9.872E-02
9.299E-01	1.005E-01
9.399E-01	1.024E-01
9.499E-01	1.042E-01
9.599E-01	1.061E-01
9.698E-01	1.080E-01
9.799E-01	1.100E-01
9.899E-01	1.119E-01
9.999E-01	1.139E-01
1.010E+00	1.159E-01
1.020E+00	1.179E-01
1.030E+00	1.200E-01
1.040E+00	1.221E-01
1.050E+00	1.242E-01
1.060E+00	1.263E-01
1.070E+00	1.285E-01
1.080E+00	1.306E-01
1.090E+00	1.328E-01
1.100E+00	1.351E-01
1.110E+00	1.373E-01
1.120E+00	1.396E-01
1.130E+00	1.419E-01
1.140E+00	1.442E-01
1.150E+00	1.465E-01
1.160E+00	1.489E-01
1.170E+00	1.513E-01
1.180E+00	1.537E-01
1.190E+00	1.561E-01
1.200E+00	1.585E-01
1.210E+00	1.610E-01
1.220E+00	1.635E-01
1.230E+00	1.660E-01
1.240E+00	1.686E-01
1.250E+00	1.711E-01
1.260E+00	1.737E-01
1.268E+00	1.759E-01
1.270E+00	1.763E-01
1.278E+00	1.785E-01
1.280E+00	1.790E-01
1.288E+00	1.812E-01
1.290E+00	1.816E-01
1.299E+00	1.840E-01
1.300E+00	1.843E-01
1.309E+00	1.868E-01
1.310E+00	1.870E-01
1.320E+00	1.897E-01
1.328E+00	1.919E-01
1.330E+00	1.924E-01
1.339E+00	1.949E-01
1.340E+00	1.952E-01
1.347E+00	1.973E-01
1.350E+00	1.980E-01
1.359E+00	2.004E-01
1.367E+00	2.029E-01
1.379E+00	2.062E-01
1.388E+00	2.087E-01
1.400E+00	2.122E-01
1.409E+00	2.148E-01
1.418E+00	2.176E-01
1.427E+00	2.203E-01
1.430E+00	2.210E-01
1.437E+00	2.231E-01
1.440E+00	2.240E-01
1.450E+00	2.270E-01
1.460E+00	2.300E-01
1.469E+00	2.330E-01
1.470E+00	2.331E-01
1.480E+00	2.361E-01
1.490E+00	2.393E-01
1.497E+00	2.414E-01
1.500E+00	2.424E-01
1.507E+00	2.446E-01
1.510E+00	2.455E-01
1.518E+00	2.480E-01
1.520E+00	2.487E-01
1.528E+00	2.514E-01
1.530E+00	2.518E-01
1.539E+00	2.549E-01
1.540E+00	2.550E-01
1.547E+00	2.572E-01
1.550E+00	2.582E-01
1.558E+00	2.608E-01
1.560E+00	2.615E-01
1.569E+00	2.645E-01
1.570E+00	2.647E-01
1.577E+00	2.670E-01
1.580E+00	2.680E-01
1.588E+00	2.708E-01
1.590E+00	2.713E-01
1.596E+00	2.734E-01
1.600E+00	2.747E-01
1.608E+00	2.774E-01
1.610E+00	2.780E-01
1.616E+00	2.801E-01
1.620E+00	2.814E-01
1.628E+00	2.842E-01
1.630E+00	2.848E-01
1.636E+00	2.870E-01
1.640E+00	2.882E-01
1.649E+00	2.913E-01
1.650E+00	2.916E-01
1.657E+00	2.942E-01
1.660E+00	2.951E-01
1.666E+00	2.972E-01
1.670E+00	2.985E-01
1.679E+00	3.017E-01
1.680E+00	3.020E-01
1.688E+00	3.048E-01
1.690E+00	3.056E-01
1.696E+00	3.079E-01
1.700E+00	3.091E-01
1.705E+00	3.111E-01
1.710E+00	3.127E-01
1.719E+00	3.159E-01
1.720E+00	3.162E-01
1.728E+00	3.192E-01
1.730E+00	3.198E-01
1.737E+00	3.226E-01
1.740E+00	3.235E-01
1.747E+00	3.260E-01
1.750E+00	3.271E-01
1.756E+00	3.295E-01
1.760E+00	3.308E-01
1.766E+00	3.330E-01
1.770E+00	3.345E-01
1.775E+00	3.366E-01
1.780E+00	3.382E-01
1.785E+00	3.402E-01
1.790E+00	3.419E-01
1.795E+00	3.439E-01
1.800E+00	3.457E-01
1.805E+00	3.477E-01
1.810E+00	3.494E-01
1.815E+00	3.515E-01
1.820E+00	3.532E-01
1.825E+00	3.554E-01
1.830E+00	3.570E-01
1.836E+00	3.593E-01
1.840E+00	3.609E-01
1.846E+00	3.634E-01
1.850E+00	3.647E-01
1.857E+00	3.675E-01
1.860E+00	3.686E-01
1.868E+00	3.716E-01
1.870E+00	3.725E-01
1.878E+00	3.759E-01
1.880E+00	3.764E-01
1.889E+00	3.802E-01
1.890E+00	3.804E-01
1.895E+00	3.824E-01
1.900E+00	3.843E-01
1.906E+00	3.868E-01
1.910E+00	3.883E-01
1.917E+00	3.913E-01
1.920E+00	3.923E-01
1.929E+00	3.959E-01
1.930E+00	3.964E-01
1.934E+00	3.982E-01
1.940E+00	4.004E-01
1.946E+00	4.030E-01
1.950E+00	4.045E-01
1.958E+00	4.078E-01
1.960E+00	4.086E-01
1.970E+00	4.127E-01
1.976E+00	4.151E-01
1.980E+00	4.168E-01
1.988E+00	4.202E-01
1.990E+00	4.210E-01
1.994E+00	4.227E-01
2.000E+00	4.251E-01
2.006E+00	4.279E-01
2.019E+00	4.331E-01
2.025E+00	4.358E-01
2.038E+00	4.412E-01
2.044E+00	4.440E-01
2.057E+00	4.495E-01
2.064E+00	4.524E-01
2.077E+00	4.581E-01
2.084E+00	4.610E-01
2.097E+00	4.669E-01
2.104E+00	4.699E-01
2.118E+00	4.760E-01
2.125E+00	4.791E-01
2.139E+00	4.853E-01
2.146E+00	4.885E-01
2.153E+00	4.917E-01
2.167E+00	4.982E-01
2.175E+00	5.015E-01
2.189E+00	5.082E-01
2.197E+00	5.116E-01
2.204E+00	5.151E-01
2.219E+00	5.221E-01
2.227E+00	5.256E-01
2.235E+00	5.292E-01
2.242E+00	5.328E-01
2.258E+00	5.402E-01
2.266E+00	5.439E-01
2.274E+00	5.477E-01
2.282E+00	5.515E-01
2.298E+00	5.593E-01
2.306E+00	5.632E-01
2.314E+00	5.672E-01
2.323E+00	5.712E-01
2.339E+00	5.794E-01
2.348E+00	5.835E-01
2.356E+00	5.877E-01
2.365E+00	5.920E-01
2.374E+00	5.963E-01
2.382E+00	6.006E-01
2.391E+00	6.050E-01
2.409E+00	6.139E-01
2.418E+00	6.185E-01
2.427E+00	6.231E-01
2.436E+00	6.277E-01
2.445E+00	6.324E-01
2.455E+00	6.372E-01
2.464E+00	6.420E-01
2.473E+00	6.468E-01
2.483E+00	6.517E-01
2.492E+00	6.567E-01
2.502E+00	6.617E-01
2.512E+00	6.668E-01
2.522E+00	6.720E-01
2.531E+00	6.772E-01
2.541E+00	6.824E-01
2.551E+00	6.878E-01
2.561E+00	6.931E-01
2.572E+00	6.986E-01
2.582E+00	7.041E-01
2.592E+00	7.097E-01
2.603E+00	7.154E-01
2.613E+00	7.211E-01
2.624E+00	7.269E-01
2.634E+00	7.327E-01
2.645E+00	7.387E-01
2.656E+00	7.447E-01
2.667E+00	7.508E-01
2.678E+00	7.569E-01
2.689E+00	7.631E-01
2.700E+00	7.695E-01
2.711E+00	7.758E-01
2.723E+00	7.823E-01
2.734E+00	7.889E-01
2.746E+00	7.955E-01
2.758E+00	8.022E-01
2.769E+00	8.090E-01
2.781E+00	8.159E-01
2.793E+00	8.229E-01
2.805E+00	8.300E-01
2.817E+00	8.371E-01
2.830E+00	8.444E-01
2.842E+00	8.517E-01
2.855E+00	8.592E-01
2.867E+00	8.667E-01
2.880E+00	8.744E-01
2.893E+00	8.821E-01
2.906E+00	8.900E-01
2.919E+00	8.979E-01
2.932E+00	9.060E-01
2.946E+00	9.142E-01
2.959E+00	9.225E-01
2.973E+00	9.309E-01
2.986E+00	9.394E-01
3.000E+00	9.480E-01
3.014E+00	9.568E-01
3.028E+00	9.657E-01
3.042E+00	9.747E-01
3.057E+00	9.838E-01
3.071E+00	9.931E-01
3.086E+00	1.003E+00
3.101E+00	1.012E+00
3.116E+00	1.022E+00
3.131E+00	1.031E+00
3.146E+00	1.041E+00
3.161E+00	1.052E+00
3.177E+00	1.062E+00
3.192E+00	1.072E+00
3.208E+00	1.083E+00
3.224E+00	1.093E+00
3.240E+00	1.104E+00
3.256E+00	1.115E+00
3.273E+00	1.126E+00
3.289E+00	1.138E+00
3.306E+00	1.149E+00
3.323E+00	1.161E+00
3.340E+00	1.173E+00
3.358E+00	1.185E+00
3.375E+00	1.197E+00
3.393E+00	1.210E+00
3.411E+00	1.222E+00
3.429E+00	1.235E+00
3.447E+00	1.248E+00
3.465E+00	1.262E+00
3.484E+00	1.275E+00
3.503E+00	1.289E+00
3.522E+00	1.303E+00
3.541E+00	1.317E+00
3.561E+00	1.331E+00
3.580E+00	1.346E+00
3.600E+00	1.361E+00
3.620E+00	1.376E+00
3.641E+00	1.391E+00
3.661E+00	1.407E+00
3.682E+00	1.422E+00
3.703E+00	1.439E+00
3.724E+00	1.455E+00
3.746E+00	1.472E+00
3.768E+00	1.489E+00
3.790E+00	1.506E+00
3.812E+00	1.524E+00
3.834E+00	1.541E+00
3.857E+00	1.560E+00
