function result=I_solar(x)

kolon1=[0;0.00000028;0.0000002805;0.000000281;0.0000002815;0.000000282;0.0000002825;0.000000283;0.0000002835;0.000000284;0.0000002845;0.000000285;0.0000002855;0.000000286;0.0000002865;0.000000287;0.0000002875;0.000000288;0.0000002885;0.000000289;0.0000002895;0.00000029;0.0000002905;0.000000291;0.0000002915;0.000000292;0.0000002925;0.000000293;0.0000002935;0.000000294;0.0000002945;0.000000295;0.0000002955;0.000000296;0.0000002965;0.000000297;0.0000002975;0.000000298;0.0000002985;0.000000299;0.0000002995;0.0000003;0.0000003005;0.000000301;0.0000003015;0.000000302;0.0000003025;0.000000303;0.0000003035;0.000000304;0.0000003045;0.000000305;0.0000003055;0.000000306;0.0000003065;0.000000307;0.0000003075;0.000000308;0.0000003085;0.000000309;0.0000003095;0.00000031;0.0000003105;0.000000311;0.0000003115;0.000000312;0.0000003125;0.000000313;0.0000003135;0.000000314;0.0000003145;0.000000315;0.0000003155;0.000000316;0.0000003165;0.000000317;0.0000003175;0.000000318;0.0000003185;0.000000319;0.0000003195;0.00000032;0.0000003205;0.000000321;0.0000003215;0.000000322;0.0000003225;0.000000323;0.0000003235;0.000000324;0.0000003245;0.000000325;0.0000003255;0.000000326;0.0000003265;0.000000327;0.0000003275;0.000000328;0.0000003285;0.000000329;0.0000003295;0.00000033;0.0000003305;0.000000331;0.0000003315;0.000000332;0.0000003325;0.000000333;0.0000003335;0.000000334;0.0000003345;0.000000335;0.0000003355;0.000000336;0.0000003365;0.000000337;0.0000003375;0.000000338;0.0000003385;0.000000339;0.0000003395;0.00000034;0.0000003405;0.000000341;0.0000003415;0.000000342;0.0000003425;0.000000343;0.0000003435;0.000000344;0.0000003445;0.000000345;0.0000003455;0.000000346;0.0000003465;0.000000347;0.0000003475;0.000000348;0.0000003485;0.000000349;0.0000003495;0.00000035;0.0000003505;0.000000351;0.0000003515;0.000000352;0.0000003525;0.000000353;0.0000003535;0.000000354;0.0000003545;0.000000355;0.0000003555;0.000000356;0.0000003565;0.000000357;0.0000003575;0.000000358;0.0000003585;0.000000359;0.0000003595;0.00000036;0.0000003605;0.000000361;0.0000003615;0.000000362;0.0000003625;0.000000363;0.0000003635;0.000000364;0.0000003645;0.000000365;0.0000003655;0.000000366;0.0000003665;0.000000367;0.0000003675;0.000000368;0.0000003685;0.000000369;0.0000003695;0.00000037;0.0000003705;0.000000371;0.0000003715;0.000000372;0.0000003725;0.000000373;0.0000003735;0.000000374;0.0000003745;0.000000375;0.0000003755;0.000000376;0.0000003765;0.000000377;0.0000003775;0.000000378;0.0000003785;0.000000379;0.0000003795;0.00000038;0.0000003805;0.000000381;0.0000003815;0.000000382;0.0000003825;0.000000383;0.0000003835;0.000000384;0.0000003845;0.000000385;0.0000003855;0.000000386;0.0000003865;0.000000387;0.0000003875;0.000000388;0.0000003885;0.000000389;0.0000003895;0.00000039;0.0000003905;0.000000391;0.0000003915;0.000000392;0.0000003925;0.000000393;0.0000003935;0.000000394;0.0000003945;0.000000395;0.0000003955;0.000000396;0.0000003965;0.000000397;0.0000003975;0.000000398;0.0000003985;0.000000399;0.0000003995;0.0000004;0.000000401;0.000000402;0.000000403;0.000000404;0.000000405;0.000000406;0.000000407;0.000000408;0.000000409;0.00000041;0.000000411;0.000000412;0.000000413;0.000000414;0.000000415;0.000000416;0.000000417;0.000000418;0.000000419;0.00000042;0.000000421;0.000000422;0.000000423;0.000000424;0.000000425;0.000000426;0.000000427;0.000000428;0.000000429;0.00000043;0.000000431;0.000000432;0.000000433;0.000000434;0.000000435;0.000000436;0.000000437;0.000000438;0.000000439;0.00000044;0.000000441;0.000000442;0.000000443;0.000000444;0.000000445;0.000000446;0.000000447;0.000000448;0.000000449;0.00000045;0.000000451;0.000000452;0.000000453;0.000000454;0.000000455;0.000000456;0.000000457;0.000000458;0.000000459;0.00000046;0.000000461;0.000000462;0.000000463;0.000000464;0.000000465;0.000000466;0.000000467;0.000000468;0.000000469;0.00000047;0.000000471;0.000000472;0.000000473;0.000000474;0.000000475;0.000000476;0.000000477;0.000000478;0.000000479;0.00000048;0.000000481;0.000000482;0.000000483;0.000000484;0.000000485;0.000000486;0.000000487;0.000000488;0.000000489;0.00000049;0.000000491;0.000000492;0.000000493;0.000000494;0.000000495;0.000000496;0.000000497;0.000000498;0.000000499;0.0000005;0.000000501;0.000000502;0.000000503;0.000000504;0.000000505;0.000000506;0.000000507;0.000000508;0.000000509;0.00000051;0.000000511;0.000000512;0.000000513;0.000000514;0.000000515;0.000000516;0.000000517;0.000000518;0.000000519;0.00000052;0.000000521;0.000000522;0.000000523;0.000000524;0.000000525;0.000000526;0.000000527;0.000000528;0.000000529;0.00000053;0.000000531;0.000000532;0.000000533;0.000000534;0.000000535;0.000000536;0.000000537;0.000000538;0.000000539;0.00000054;0.000000541;0.000000542;0.000000543;0.000000544;0.000000545;0.000000546;0.000000547;0.000000548;0.000000549;0.00000055;0.000000551;0.000000552;0.000000553;0.000000554;0.000000555;0.000000556;0.000000557;0.000000558;0.000000559;0.00000056;0.000000561;0.000000562;0.000000563;0.000000564;0.000000565;0.000000566;0.000000567;0.000000568;0.000000569;0.00000057;0.000000571;0.000000572;0.000000573;0.000000574;0.000000575;0.000000576;0.000000577;0.000000578;0.000000579;0.00000058;0.000000581;0.000000582;0.000000583;0.000000584;0.000000585;0.000000586;0.000000587;0.000000588;0.000000589;0.00000059;0.000000591;0.000000592;0.000000593;0.000000594;0.000000595;0.000000596;0.000000597;0.000000598;0.000000599;0.0000006;0.000000601;0.000000602;0.000000603;0.000000604;0.000000605;0.000000606;0.000000607;0.000000608;0.000000609;0.00000061;0.000000611;0.000000612;0.000000613;0.000000614;0.000000615;0.000000616;0.000000617;0.000000618;0.000000619;0.00000062;0.000000621;0.000000622;0.000000623;0.000000624;0.000000625;0.000000626;0.000000627;0.000000628;0.000000629;0.00000063;0.000000631;0.000000632;0.000000633;0.000000634;0.000000635;0.000000636;0.000000637;0.000000638;0.000000639;0.00000064;0.000000641;0.000000642;0.000000643;0.000000644;0.000000645;0.000000646;0.000000647;0.000000648;0.000000649;0.00000065;0.000000651;0.000000652;0.000000653;0.000000654;0.000000655;0.000000656;0.000000657;0.000000658;0.000000659;0.00000066;0.000000661;0.000000662;0.000000663;0.000000664;0.000000665;0.000000666;0.000000667;0.000000668;0.000000669;0.00000067;0.000000671;0.000000672;0.000000673;0.000000674;0.000000675;0.000000676;0.000000677;0.000000678;0.000000679;0.00000068;0.000000681;0.000000682;0.000000683;0.000000684;0.000000685;0.000000686;0.000000687;0.000000688;0.000000689;0.00000069;0.000000691;0.000000692;0.000000693;0.000000694;0.000000695;0.000000696;0.000000697;0.000000698;0.000000699;0.0000007;0.000000701;0.000000702;0.000000703;0.000000704;0.000000705;0.000000706;0.000000707;0.000000708;0.000000709;0.00000071;0.000000711;0.000000712;0.000000713;0.000000714;0.000000715;0.000000716;0.000000717;0.000000718;0.000000719;0.00000072;0.000000721;0.000000722;0.000000723;0.000000724;0.000000725;0.000000726;0.000000727;0.000000728;0.000000729;0.00000073;0.000000731;0.000000732;0.000000733;0.000000734;0.000000735;0.000000736;0.000000737;0.000000738;0.000000739;0.00000074;0.000000741;0.000000742;0.000000743;0.000000744;0.000000745;0.000000746;0.000000747;0.000000748;0.000000749;0.00000075;0.000000751;0.000000752;0.000000753;0.000000754;0.000000755;0.000000756;0.000000757;0.000000758;0.000000759;0.00000076;0.000000761;0.000000762;0.000000763;0.000000764;0.000000765;0.000000766;0.000000767;0.000000768;0.000000769;0.00000077;0.000000771;0.000000772;0.000000773;0.000000774;0.000000775;0.000000776;0.000000777;0.000000778;0.000000779;0.00000078;0.000000781;0.000000782;0.000000783;0.000000784;0.000000785;0.000000786;0.000000787;0.000000788;0.000000789;0.00000079;0.000000791;0.000000792;0.000000793;0.000000794;0.000000795;0.000000796;0.000000797;0.000000798;0.000000799;0.0000008;0.000000801;0.000000802;0.000000803;0.000000804;0.000000805;0.000000806;0.000000807;0.000000808;0.000000809;0.00000081;0.000000811;0.000000812;0.000000813;0.000000814;0.000000815;0.000000816;0.000000817;